─────────────────────────────────────────────────────────────────────────────────────────────────────────────
Language                              Files     Lines   Blanks  Comments     Code Complexity Complexity/Lines
─────────────────────────────────────────────────────────────────────────────────────────────────────────────
Solidity                                 10      1022      158        40      824         88            88.71
─────────────────────────────────────────────────────────────────────────────────────────────────────────────
src/ERC4626Vault.sol                              104       10         1       93          4             4.30
src/EthWrapper.sol                                 69       12         1       56         19            33.93
src/IdleVault.sol                                  40        5         1       34          0             0.00
src/MellowSymbioticVault.sol                      218       33        10      175         24            13.71
src/MellowSymbioticVaultFactory.sol                59       10         1       48          0             0.00
src/MellowSymbioticVaultStorage.sol                86       15         1       70          5             7.14
src/MellowVaultCompat.sol                          72       11        14       47          5            10.64
src/SymbioticWithdrawalQueue.sol                  210       33         7      170         30            17.65
src/VaultControl.sol                               73       14         3       56          0             0.00
src/VaultControlStorage.sol                        91       15         1       75          1             1.33
─────────────────────────────────────────────────────────────────────────────────────────────────────────────
Total                                    10      1022      158        40      824         88            88.71
─────────────────────────────────────────────────────────────────────────────────────────────────────────────
Processed 33702 bytes, 0.034 megabytes (SI)
─────────────────────────────────────────────────────────────────────────────────────────────────────────────

